# sample1
## for を作ったリストの作成
list = [[7 for i in range(4)] for i in range(5)]
print(list)


# sample2
## list から要素を取り出し、アスキーアートを表示する。
# こっちのデータは縦長になってしまう。
#img_data = [[0,0,0,0,1,1,1,1,1,1,1,1,0,0,0,0,0],
#            [0,0,0,1,0,0,0,0,0,0,0,0,1,0,0,0,0],
#            [0,0,1,0,0,0,0,0,0,0,0,0,0,1,0,0,0],
#            [0,1,0,0,0,0,0,0,0,0,0,0,0,0,1,0,0],
#            [1,0,0,0,0,0,0,0,0,0,0,0,0,0,0,1,0],  # 5
#            [1,0,0,0,1,1,0,0,0,0,1,1,0,0,0,0,1],  # 6
#            [1,0,0,1,0,0,1,0,0,1,0,0,1,0,0,0,1],  # 7
#            [1,0,0,0,0,0,0,0,0,0,0,0,0,0,0,0,1],  # 8
#            [1,0,0,0,0,0,0,0,0,0,0,0,0,0,0,0,1],  # 9
#            [1,0,0,0,0,0,0,0,0,0,0,0,0,0,0,0,1],  # 10
#            [1,0,0,0,1,0,0,0,0,0,0,1,0,0,0,0,1],  # 11
#            [1,0,0,0,0,1,0,0,0,0,1,0,0,0,0,0,1],  # 12
#            [1,0,0,0,0,0,1,1,1,1,0,0,0,0,0,0,1],  # 13
#            [0,1,0,0,0,0,0,0,0,0,0,0,0,0,0,1,0],  # 14
#            [0,0,1,0,0,0,0,0,0,0,0,0,0,0,1,0,0],  # 15
#            [0,0,0,1,0,0,0,0,0,0,0,0,0,1,0,0,0],  # 16
#            [0,0,0,0,1,1,1,1,1,1,1,1,1,0,0,0,0]]  # 17


#            1,2,3,4,5,6,7,8,9,10,11,12,13,14,15,16,17,18,19,20,21,22,23,24,25,26,27,28,29,30,31,32,33,34
img_data = [[0,0,0,0,1,1,1,1,1, 1, 1, 1, 1, 1, 1, 1, 1, 1, 1, 1, 1, 1, 1, 1, 1, 1, 1, 0, 0, 0, 0, 0, 0, 0],
            [0,0,1,1,0,0,0,0,0, 0, 0, 0, 0, 0, 0, 0, 0, 0, 0, 0, 0, 0, 0, 0, 0, 0, 0, 1, 1, 0, 0, 0, 0, 0],
            [0,1,1,0,0,0,0,0,0, 0, 0, 0, 0, 0, 0, 0, 0, 0, 0, 0, 0, 0, 0, 0, 0, 0, 0, 0, 0, 1, 1, 0, 0, 0],
            [1,0,0,0,0,0,0,0,1, 1, 1, 1, 1, 1, 0, 0, 0, 0, 0, 1, 1, 1, 1, 1, 0, 0, 0, 0, 0, 0, 0, 1, 1, 0],  #4
            [1,0,0,0,0,0,0,1,0, 0, 0, 0, 0, 0, 1, 0, 0, 0, 1, 0, 0, 0, 0, 0, 1, 0, 0, 0, 0, 0, 0, 0, 0, 1],  #5
            [1,0,0,0,0,0,0,0,0, 0, 0, 0, 0, 0, 0, 0, 0, 0, 0, 0, 0, 0, 0, 0, 0, 0, 0, 0, 0, 0, 0, 0, 0, 1],  #6
            [1,0,0,0,0,0,0,0,0, 0, 0, 0, 0, 0, 0, 0, 0, 0, 0, 0, 0, 0, 0, 0, 0, 0, 0, 0, 0, 0, 0, 0, 0, 1],  #7
            [1,0,0,0,0,0,0,0,0, 1, 0, 0, 0, 0, 0, 0, 0, 0, 0, 0, 1, 0, 0, 0, 0, 0, 0, 0, 0, 0, 0, 0, 0, 1],  #8
            [1,0,0,0,0,0,0,0,0, 0, 1, 0, 0, 0, 0, 0, 0, 0, 0, 1, 0, 0, 0, 0, 0, 0, 0, 0, 0, 0, 0, 0, 1, 1],  #9
            [1,0,0,0,0,0,0,0,0, 0, 0, 1, 1, 1, 1, 1, 1, 1, 1, 0, 0, 0, 0, 0, 0, 0, 0, 0, 0, 0, 1, 1, 0, 0],  #10
            [0,1,1,1,0,0,0,0,0, 0, 0, 0, 0, 0, 0, 0, 0, 0, 0, 0, 0, 0, 0, 0, 0, 0, 0, 0, 1, 1, 0, 0, 0, 0],  #11 
            [0,0,0,0,1,1,1,0,0, 0, 0, 0, 0, 0, 0, 0, 0, 0, 0, 0, 0, 0, 0, 0, 0, 1, 1, 1, 0, 0, 0, 0, 0, 0],  #12
            [0,0,0,0,0,0,0,1,1, 1, 1, 1, 1, 1, 1, 1, 1, 1, 1, 1, 1, 1, 1, 1, 1, 0, 0, 0, 0, 0, 0, 0, 0, 0]]  #13
            

# リスト img_data を行単位で文字列に変換する
for line in img_data:
    # 行単位でマークに変換する
    for dot in line:
        if dot == 1:
            print("#", end="")
        else:
            print(" ", end="")
    print("")
